1.550000 294.0 
1.650000 331.0 
1.750000 347.0 
1.850000 286.0 
1.950000 249.0 
2.050000 160.0 
2.150000 99.0 
2.250000 46.0 
2.350000 20.0 
2.450000 6.0 
2.550000 2.0 
2.650000 2.0 
2.750000 1.0 
2.850000 1.0 
2.950000 1.0 
3.050000 0.0 
3.150000 1.0 
3.250000 0.0 
3.350000 0.0 
3.450000 0.0 
3.550000 0.0 
3.650000 0.0 
3.750000 0.0 
3.850000 0.0 
3.950000 0.0 
4.050000 0.0 
4.150000 0.0 
4.250000 0.0 
4.350000 0.0 
4.450000 0.0 
4.550000 0.0 
4.650000 0.0 
4.750000 0.0 
4.850000 0.0 
4.950000 0.0 
5.050000 0.0 
5.150000 0.0 
5.250000 0.0 
5.350000 0.0 
5.450000 0.0 
5.550000 0.0 
5.650000 0.0 
5.750000 0.0 
5.850000 0.0 
5.950000 0.0 
6.050000 0.0 
6.150000 0.0 
6.250000 0.0 
6.350000 0.0 
6.450000 0.0 
6.550000 0.0 
6.650000 0.0 
6.750000 0.0 
6.850000 0.0 
6.950000 0.0 
7.050000 0.0 
7.150000 0.0 
7.250000 0.0 
7.350000 0.0 
7.450000 0.0 
7.550000 0.0 
7.650000 0.0 
7.750000 0.0 
7.850000 0.0 
7.950000 0.0