1.55 202.61
1.65 226.57
1.75 208.53
1.85 168.97
1.95 108.58
2.05 55.728
2.15 16.973
2.25 6.5922
2.35 4.1054
2.45 1.0466
2.55 1.1087
2.65 0.67562
2.75 0.34236
2.85 0.29638
2.95 0.50335
3.05 0.23806
3.15 0.26076
3.25 0.0
3.35 0.10345
3.45 0.0
3.55 0.083242
3.65 0.13091
3.75 0.0
3.85 0.29213
3.95 0.0
4.05 0.0
4.15 0.31207
4.25 0.0
4.35 0.0
4.45 0.0
4.55 0.0
4.65 0.0
4.75 0.0
4.85 0.0
4.95 0.0
5.05 0.0
5.15 0.0
5.25 0.0
5.35 0.0
5.45 0.0
5.55 0.0
5.65 0.0
5.75 0.0
5.85 0.0
5.95 0.0
6.05 0.0
6.15 0.0
6.25 0.0
6.35 0.0
6.45 0.0
6.55 0.0
6.65 0.0
6.75 0.0
6.85 0.0
6.95 0.0
7.05 0.0
7.15 0.0
7.25 0.0
7.35 0.0
7.45 0.0
7.55 0.0
7.65 0.0
7.75 0.0
7.85 0.0
7.95 0.0
