1.550000 15.029999732971191 
1.650000 18.270000457763672 
1.750000 18.989999771118164 
1.850000 23.940000534057617 
1.950000 28.440000534057617 
2.050000 31.229999542236328 
2.150000 30.420000076293945 
2.250000 33.209999084472656 
2.350000 40.5 
2.450000 35.459999084472656 
2.550000 34.380001068115234 
2.650000 33.38999938964844 
2.750000 31.139999389648438 
2.850000 25.200000762939453 
2.950000 19.979999542236328 
3.050000 12.779999732971191 
3.150000 7.289999961853027 
3.250000 3.509999990463257 
3.350000 3.059999942779541 
3.450000 1.0800000429153442 
3.550000 0.6299999952316284 
3.650000 0.09000000357627869 
3.750000 0.18000000715255737 
3.850000 0.09000000357627869 
3.950000 0.18000000715255737 
4.050000 0.0 
4.150000 0.0 
4.250000 0.09000000357627869 
4.350000 0.0 
4.450000 0.0 
4.550000 0.0 
4.650000 0.0 
4.750000 0.0 
4.850000 0.0 
4.950000 0.09000000357627869 
5.050000 0.0 
5.150000 0.0 
5.250000 0.0 
5.350000 0.0 
5.450000 0.0 
5.550000 0.0 
5.650000 0.0 
5.750000 0.0 
5.850000 0.0 
5.950000 0.0 
6.050000 0.0 
6.150000 0.0 
6.250000 0.0 
6.350000 0.0 
6.450000 0.0 
6.550000 0.0 
6.650000 0.0 
6.750000 0.0 
6.850000 0.0 
6.950000 0.0 
7.050000 0.0 
7.150000 0.0 
7.250000 0.0 
7.350000 0.0 
7.450000 0.0 
7.550000 0.0 
7.650000 0.0 
7.750000 0.0 
7.850000 0.0 
7.950000 0.0