1.55 7.042
1.65 8.0452
1.75 10.803
1.85 12.937
1.95 13.679
2.05 16.769
2.15 20.031
2.25 19.243
2.35 18.998
2.45 18.949
2.55 18.244
2.65 15.255
2.75 13.328
2.85 9.2429
2.95 5.155
3.05 2.7028
3.15 1.1146
3.25 0.39804
3.35 0.2685
3.45 0.061073
3.55 0.068459
3.65 0.0
3.75 0.028849
3.85 0.0
3.95 0.021426
4.05 0.061847
4.15 0.0
4.25 0.0
4.35 0.0
4.45 0.0
4.55 0.0
4.65 0.0
4.75 0.0
4.85 0.0
4.95 0.0
5.05 0.020119
5.15 0.0
5.25 0.02332
5.35 0.0
5.45 0.0
5.55 0.0
5.65 0.0
5.75 0.0
5.85 0.0
5.95 0.0
6.05 0.0
6.15 0.0
6.25 0.0
6.35 0.0
6.45 0.0
6.55 0.0
6.65 0.0
6.75 0.0
6.85 0.0
6.95 0.0
7.05 0.0
7.15 0.0
7.25 0.0
7.35 0.0
7.45 0.0
7.55 0.0
7.65 0.0
7.75 0.0
7.85 0.0
7.95 0.0
