1.550000 7.829999923706055 
1.650000 11.15999984741211 
1.750000 14.579999923706055 
1.850000 15.300000190734863 
1.950000 16.559999465942383 
2.050000 22.860000610351562 
2.150000 25.469999313354492 
2.250000 24.75 
2.350000 26.459999084472656 
2.450000 26.549999237060547 
2.550000 28.350000381469727 
2.650000 26.100000381469727 
2.750000 22.31999969482422 
2.850000 19.440000534057617 
2.950000 12.149999618530273 
3.050000 9.09000015258789 
3.150000 5.400000095367432 
3.250000 2.430000066757202 
3.350000 0.9900000095367432 
3.450000 1.2599999904632568 
3.550000 0.36000001430511475 
3.650000 0.09000000357627869 
3.750000 0.18000000715255737 
3.850000 0.0 
3.950000 0.0 
4.050000 0.0 
4.150000 0.0 
4.250000 0.0 
4.350000 0.0 
4.450000 0.0 
4.550000 0.0 
4.650000 0.0 
4.750000 0.0 
4.850000 0.0 
4.950000 0.0 
5.050000 0.0 
5.150000 0.0 
5.250000 0.0 
5.350000 0.0 
5.450000 0.0 
5.550000 0.0 
5.650000 0.0 
5.750000 0.0 
5.850000 0.0 
5.950000 0.0 
6.050000 0.0 
6.150000 0.0 
6.250000 0.0 
6.350000 0.0 
6.450000 0.0 
6.550000 0.0 
6.650000 0.0 
6.750000 0.0 
6.850000 0.0 
6.950000 0.0 
7.050000 0.0 
7.150000 0.0 
7.250000 0.0 
7.350000 0.0 
7.450000 0.0 
7.550000 0.0 
7.650000 0.0 
7.750000 0.0 
7.850000 0.0 
7.950000 0.0