1.550000 0.6800000071525574 
1.650000 0.699999988079071 
1.750000 1.0199999809265137 
1.850000 0.9800000190734863 
1.950000 1.2899999618530273 
2.050000 1.2599999904632568 
2.150000 1.6200000047683716 
2.250000 1.7899999618530273 
2.350000 1.690000057220459 
2.450000 2.0899999141693115 
2.550000 2.509999990463257 
2.650000 2.2899999618530273 
2.750000 2.5399999618530273 
2.850000 2.5799999237060547 
2.950000 3.009999990463257 
3.050000 2.8399999141693115 
3.150000 2.9800000190734863 
3.250000 2.9700000286102295 
3.350000 2.859999895095825 
3.450000 3.0199999809265137 
3.550000 2.869999885559082 
3.650000 2.3299999237060547 
3.750000 2.3299999237060547 
3.850000 1.4900000095367432 
3.950000 1.2899999618530273 
4.050000 0.8799999952316284 
4.150000 0.550000011920929 
4.250000 0.3400000035762787 
4.350000 0.2199999988079071 
4.450000 0.05000000074505806 
4.550000 0.03999999910593033 
4.650000 0.019999999552965164 
4.750000 0.009999999776482582 
4.850000 0.019999999552965164 
4.950000 0.0 
5.050000 0.0 
5.150000 0.0 
5.250000 0.0 
5.350000 0.0 
5.450000 0.0 
5.550000 0.009999999776482582 
5.650000 0.0 
5.750000 0.0 
5.850000 0.0 
5.950000 0.0 
6.050000 0.0 
6.150000 0.0 
6.250000 0.0 
6.350000 0.0 
6.450000 0.0 
6.550000 0.0 
6.650000 0.0 
6.750000 0.0 
6.850000 0.0 
6.950000 0.0 
7.050000 0.0 
7.150000 0.0 
7.250000 0.0 
7.350000 0.0 
7.450000 0.0 
7.550000 0.0 
7.650000 0.0 
7.750000 0.0 
7.850000 0.0 
7.950000 0.0