1.55 1.2805
1.65 1.3746
1.75 1.7874
1.85 2.2181
1.95 2.38
2.05 3.0698
2.15 3.0951
2.25 4.2635
2.35 4.3481
2.45 4.9107
2.55 5.7147
2.65 5.7623
2.75 6.4387
2.85 7.1437
2.95 6.8526
3.05 7.1869
3.15 7.0998
3.25 6.6351
3.35 6.8218
3.45 5.7259
3.55 5.296
3.65 4.5218
3.75 3.3245
3.85 2.2724
3.95 1.5921
4.05 0.92898
4.15 0.47817
4.25 0.12237
4.35 0.15322
4.45 0.022117
4.55 0.043639
4.65 0.010586
4.75 0.0
4.85 0.0
4.95 0.0
5.05 0.0
5.15 0.0051147
5.25 0.0
5.35 0.0
5.45 0.011381
5.55 0.0
5.65 0.0
5.75 0.0
5.85 0.0
5.95 0.0
6.05 0.0
6.15 0.0
6.25 0.0
6.35 0.013275
6.45 0.0
6.55 0.0
6.65 0.0
6.75 0.0
6.85 0.0
6.95 0.0
7.05 0.0
7.15 0.0
7.25 0.0
7.35 0.0
7.45 0.0
7.55 0.0
7.65 0.0
7.75 0.0
7.85 0.0
7.95 0.0
