1.550000 0.3799999952316284 
1.650000 0.46000000834465027 
1.750000 0.5 
1.850000 0.7699999809265137 
1.950000 0.7599999904632568 
2.050000 0.9100000262260437 
2.150000 1.2000000476837158 
2.250000 1.3300000429153442 
2.350000 1.2599999904632568 
2.450000 1.5399999618530273 
2.550000 1.8700000047683716 
2.650000 1.7899999618530273 
2.750000 1.9800000190734863 
2.850000 2.2699999809265137 
2.950000 2.7899999618530273 
3.050000 2.6500000953674316 
3.150000 2.5999999046325684 
3.250000 2.75 
3.350000 2.5199999809265137 
3.450000 2.4100000858306885 
3.550000 2.5199999809265137 
3.650000 2.0899999141693115 
3.750000 1.5399999618530273 
3.850000 1.3300000429153442 
3.950000 0.9200000166893005 
4.050000 0.5799999833106995 
4.150000 0.3799999952316284 
4.250000 0.2800000011920929 
4.350000 0.05999999865889549 
4.450000 0.029999999329447746 
4.550000 0.019999999552965164 
4.650000 0.0 
4.750000 0.019999999552965164 
4.850000 0.0 
4.950000 0.0 
5.050000 0.0 
5.150000 0.009999999776482582 
5.250000 0.0 
5.350000 0.0 
5.450000 0.0 
5.550000 0.0 
5.650000 0.0 
5.750000 0.0 
5.850000 0.0 
5.950000 0.009999999776482582 
6.050000 0.0 
6.150000 0.0 
6.250000 0.0 
6.350000 0.0 
6.450000 0.0 
6.550000 0.0 
6.650000 0.0 
6.750000 0.0 
6.850000 0.0 
6.950000 0.0 
7.050000 0.0 
7.150000 0.0 
7.250000 0.0 
7.350000 0.0 
7.450000 0.0 
7.550000 0.0 
7.650000 0.0 
7.750000 0.0 
7.850000 0.0 
7.950000 0.0