1.550000 0.0007719341083429754 
1.650000 0.0009750746539793909 
1.750000 0.001036016852594912 
1.850000 0.0012594714062288404 
1.950000 0.0014016698114573956 
2.050000 0.002336116274818778 
2.150000 0.0022142319940030575 
2.250000 0.002417372539639473 
2.350000 0.0030877364333719015 
2.450000 0.003636215813457966 
2.550000 0.003676844062283635 
2.650000 0.004428463988006115 
2.750000 0.004001868888735771 
2.850000 0.004611290525645018 
2.950000 0.0048753730952739716 
3.050000 0.004590976517647505 
3.150000 0.005444166716188192 
3.250000 0.004672232549637556 
3.350000 0.005037885624915361 
3.450000 0.004408149980008602 
3.550000 0.004469092004001141 
3.650000 0.0042253234423696995 
3.750000 0.003859670599922538 
3.850000 0.0033315049950033426 
3.950000 0.002072033705189824 
4.050000 0.0016251244815066457 
4.150000 0.0010766449850052595 
4.250000 0.0009344465215690434 
4.350000 0.0004062811203766614 
4.450000 0.00016251244232989848 
4.550000 0.00014219839067663997 
4.650000 6.094216587371193e-05 
4.750000 0.0 
4.850000 0.0 
4.950000 0.0 
5.050000 0.0 
5.150000 0.0 
5.250000 0.0 
5.350000 0.0 
5.450000 0.0 
5.550000 0.0 
5.650000 0.0 
5.750000 0.0 
5.850000 0.0 
5.950000 0.0 
6.050000 0.0 
6.150000 0.0 
6.250000 0.0 
6.350000 0.0 
6.450000 0.0 
6.550000 0.0 
6.650000 0.0 
6.750000 0.0 
6.850000 0.0 
6.950000 0.0 
7.050000 0.0 
7.150000 0.0 
7.250000 0.0 
7.350000 0.0 
7.450000 0.0 
7.550000 0.0 
7.650000 0.0 
7.750000 0.0 
7.850000 0.0 
7.950000 0.0