1.550000 0.0012181010097265244 
1.650000 0.0015429279301315546 
1.750000 0.001745944726280868 
1.850000 0.0021519784349948168 
1.950000 0.0028625372797250748 
2.050000 0.003167062532156706 
2.150000 0.0034512861166149378 
2.250000 0.003755811369046569 
2.350000 0.004344560205936432 
2.450000 0.004608482122421265 
2.550000 0.005217532627284527 
2.650000 0.005643867887556553 
2.750000 0.00562356598675251 
2.850000 0.00637472840026021 
2.950000 0.0057250745594501495 
3.050000 0.005075420718640089 
3.150000 0.004770895466208458 
3.250000 0.00438516354188323 
3.350000 0.0031061575282365084 
3.450000 0.0018068497302010655 
3.550000 0.0015226262621581554 
3.650000 0.0011774975573644042 
3.750000 0.0005075420485809445 
3.850000 0.00042633534758351743 
3.950000 0.00010150841262657195 
4.050000 8.120673010125756e-05 
4.150000 0.0 
4.250000 0.0 
4.350000 0.0 
4.450000 2.030168252531439e-05 
4.550000 4.060336505062878e-05 
4.650000 0.0 
4.750000 0.0 
4.850000 0.0 
4.950000 0.0 
5.050000 0.0 
5.150000 0.0 
5.250000 0.0 
5.350000 0.0 
5.450000 0.0 
5.550000 0.0 
5.650000 0.0 
5.750000 0.0 
5.850000 0.0 
5.950000 0.0 
6.050000 0.0 
6.150000 0.0 
6.250000 0.0 
6.350000 0.0 
6.450000 0.0 
6.550000 0.0 
6.650000 0.0 
6.750000 0.0 
6.850000 0.0 
6.950000 0.0 
7.050000 0.0 
7.150000 0.0 
7.250000 0.0 
7.350000 0.0 
7.450000 0.0 
7.550000 0.0 
7.650000 0.0 
7.750000 0.0 
7.850000 0.0 
7.950000 0.0