1.550000 0.0007530733710154891 
1.650000 0.0009159000474028289 
1.750000 0.0011194333201274276 
1.850000 0.0012008467456325889 
1.950000 0.0014043800765648484 
2.050000 0.0016282667638733983 
2.150000 0.0018318000948056579 
2.250000 0.0017910933820530772 
2.350000 0.0020760400220751762 
2.450000 0.002360986778512597 
2.550000 0.002198160160332918 
2.650000 0.002462753327563405 
2.750000 0.0031954734586179256 
2.850000 0.003215826814994216 
2.950000 0.004070666618645191 
3.050000 0.0038671335205435753 
3.150000 0.0041724336333572865 
3.250000 0.004355613607913256 
3.350000 0.004396320320665836 
3.450000 0.004762680269777775 
3.550000 0.004986566957086325 
3.650000 0.004538793582469225 
3.750000 0.005678580142557621 
3.850000 0.005556460004299879 
3.950000 0.005515753291547298 
4.050000 0.005515753291547298 
4.150000 0.005271513480693102 
4.250000 0.0041724336333572865 
4.350000 0.004640560131520033 
4.450000 0.0038264268077909946 
4.550000 0.003215826814994216 
4.650000 0.002747700084000826 
4.750000 0.002137100091204047 
4.850000 0.0016282667638733983 
4.950000 0.001261906698346138 
5.050000 0.0008344866801053286 
5.150000 0.0004070666909683496 
5.250000 0.00012212000729050487 
5.350000 0.0001831800036597997 
5.450000 8.141333819366992e-05 
5.550000 0.0 
5.650000 2.035333454841748e-05 
5.750000 6.106000364525244e-05 
5.850000 0.0 
5.950000 0.0 
6.050000 0.0 
6.150000 0.0 
6.250000 0.0 
6.350000 0.0 
6.450000 0.0 
6.550000 0.0 
6.650000 0.0 
6.750000 0.0 
6.850000 0.0 
6.950000 0.0 
7.050000 0.0 
7.150000 0.0 
7.250000 0.0 
7.350000 0.0 
7.450000 0.0 
7.550000 0.0 
7.650000 0.0 
7.750000 0.0 
7.850000 0.0 
7.950000 0.0