1.550000 0.0004070666909683496 
1.650000 0.00024424001458100975 
1.750000 0.0005088333273306489 
1.850000 0.0006105999927967787 
1.950000 0.0008955466910265386 
2.050000 0.0007937800255604088 
2.150000 0.0009566067019477487 
2.250000 0.0012211999855935574 
2.350000 0.0013636733638122678 
2.450000 0.0016282667638733983 
2.550000 0.0020149799529463053 
2.650000 0.002238866640254855 
2.750000 0.002422046847641468 
2.850000 0.002116746734827757 
2.950000 0.002910526702180505 
3.050000 0.0029512334149330854 
3.150000 0.0030733533203601837 
3.250000 0.003460066858679056 
3.350000 0.0040503134950995445 
3.450000 0.004396320320665836 
3.550000 0.004620207007974386 
3.650000 0.004518439993262291 
3.750000 0.004375966731458902 
3.850000 0.004945860244333744 
3.950000 0.004335260018706322 
4.050000 0.004986566957086325 
4.150000 0.00425384659320116 
4.250000 0.0036636001896113157 
4.350000 0.0036025401204824448 
4.450000 0.0027069933712482452 
4.550000 0.0027273467276245356 
4.650000 0.002299926709383726 
4.750000 0.0015061467420309782 
4.850000 0.0011601400328800082 
4.950000 0.0007123666582629085 
5.050000 0.00046812667278572917 
5.150000 0.0003663600073195994 
5.250000 0.00012212000729050487 
5.350000 8.141333819366992e-05 
5.450000 0.00012212000729050487 
5.550000 2.035333454841748e-05 
5.650000 2.035333454841748e-05 
5.750000 0.0 
5.850000 0.0 
5.950000 0.0 
6.050000 0.0 
6.150000 0.0 
6.250000 0.0 
6.350000 0.0 
6.450000 0.0 
6.550000 0.0 
6.650000 0.0 
6.750000 0.0 
6.850000 0.0 
6.950000 0.0 
7.050000 0.0 
7.150000 0.0 
7.250000 0.0 
7.350000 0.0 
7.450000 0.0 
7.550000 0.0 
7.650000 0.0 
7.750000 0.0 
7.850000 0.0 
7.950000 0.0