1.550000 0.00205464125610888 
1.650000 0.0024208149407058954 
1.750000 0.002461500931531191 
1.850000 0.0035193359944969416 
1.950000 0.004231340251863003 
2.050000 0.005207803566008806 
2.150000 0.005451919510960579 
2.250000 0.004800944123417139 
2.350000 0.00618426688015461 
2.450000 0.005899465177208185 
2.550000 0.005635006353259087 
2.650000 0.0055943201296031475 
2.750000 0.005777406971901655 
2.850000 0.005146774463355541 
2.950000 0.004312712233513594 
3.050000 0.003173505188897252 
3.150000 0.0023191000800579786 
3.250000 0.0012002360308542848 
3.350000 0.0010578350629657507 
3.450000 0.0002441157994326204 
3.550000 0.00010171491157962009 
3.650000 0.00010171491157962009 
3.750000 2.03429826797219e-05 
3.850000 2.03429826797219e-05 
3.950000 4.06859653594438e-05 
4.050000 0.0 
4.150000 2.03429826797219e-05 
4.250000 2.03429826797219e-05 
4.350000 0.0 
4.450000 0.0 
4.550000 0.0 
4.650000 0.0 
4.750000 0.0 
4.850000 0.0 
4.950000 0.0 
5.050000 0.0 
5.150000 0.0 
5.250000 0.0 
5.350000 0.0 
5.450000 0.0 
5.550000 0.0 
5.650000 0.0 
5.750000 0.0 
5.850000 0.0 
5.950000 0.0 
6.050000 0.0 
6.150000 0.0 
6.250000 0.0 
6.350000 0.0 
6.450000 0.0 
6.550000 0.0 
6.650000 0.0 
6.750000 0.0 
6.850000 0.0 
6.950000 0.0 
7.050000 0.0 
7.150000 0.0 
7.250000 0.0 
7.350000 0.0 
7.450000 0.0 
7.550000 0.0 
7.650000 0.0 
7.750000 0.0 
7.850000 0.0 
7.950000 0.0