1.550000 0.0010570179438218474 
1.650000 0.0013212724588811398 
1.750000 0.0017074906500056386 
1.850000 0.00176847237162292 
1.950000 0.0022969814017415047 
2.050000 0.002337635960429907 
2.150000 0.0030694175511598587 
2.250000 0.002947454107925296 
2.350000 0.0038825084920972586 
2.450000 0.00422807177528739 
2.550000 0.004878544714301825 
2.650000 0.005142799112945795 
2.750000 0.005142799112945795 
2.850000 0.005772944539785385 
2.950000 0.0051631261594593525 
3.050000 0.005508689675480127 
3.150000 0.005203780718147755 
3.250000 0.004919199272990227 
3.350000 0.004593962803483009 
3.450000 0.0036792356986552477 
3.550000 0.003333672182634473 
3.650000 0.0024595996364951134 
3.750000 0.0014838906936347485 
3.850000 0.0008943998254835606 
3.950000 0.0007114544278010726 
4.050000 0.00010163634578930214 
4.150000 0.00016261814744211733 
4.250000 2.0327268430264667e-05 
4.350000 2.0327268430264667e-05 
4.450000 4.065453686052933e-05 
4.550000 0.0 
4.650000 0.0 
4.750000 0.0 
4.850000 0.0 
4.950000 0.0 
5.050000 0.0 
5.150000 0.0 
5.250000 0.0 
5.350000 0.0 
5.450000 0.0 
5.550000 0.0 
5.650000 2.0327268430264667e-05 
5.750000 0.0 
5.850000 0.0 
5.950000 0.0 
6.050000 0.0 
6.150000 0.0 
6.250000 0.0 
6.350000 0.0 
6.450000 0.0 
6.550000 0.0 
6.650000 0.0 
6.750000 0.0 
6.850000 0.0 
6.950000 0.0 
7.050000 0.0 
7.150000 0.0 
7.250000 0.0 
7.350000 0.0 
7.450000 0.0 
7.550000 0.0 
7.650000 0.0 
7.750000 0.0 
7.850000 0.0 
7.950000 0.0