1.550000 0.004607640206813812 
1.650000 0.006048796232789755 
1.750000 0.006414159666746855 
1.850000 0.006353266071528196 
1.950000 0.006576543673872948 
2.050000 0.0045264484360814095 
2.150000 0.003450655611231923 
2.250000 0.0021312872413545847 
2.350000 0.001116388593800366 
2.450000 0.0007104290998540819 
2.550000 0.0002638736623339355 
2.650000 8.119189442368224e-05 
2.750000 6.0893922636751086e-05 
2.850000 0.0 
2.950000 2.029797360592056e-05 
3.050000 0.0 
3.150000 2.029797360592056e-05 
3.250000 2.029797360592056e-05 
3.350000 0.0 
3.450000 0.0 
3.550000 0.0 
3.650000 0.0 
3.750000 0.0 
3.850000 0.0 
3.950000 0.0 
4.050000 0.0 
4.150000 0.0 
4.250000 0.0 
4.350000 0.0 
4.450000 0.0 
4.550000 0.0 
4.650000 0.0 
4.750000 0.0 
4.850000 0.0 
4.950000 0.0 
5.050000 0.0 
5.150000 0.0 
5.250000 0.0 
5.350000 0.0 
5.450000 0.0 
5.550000 0.0 
5.650000 0.0 
5.750000 0.0 
5.850000 0.0 
5.950000 0.0 
6.050000 0.0 
6.150000 0.0 
6.250000 0.0 
6.350000 0.0 
6.450000 0.0 
6.550000 0.0 
6.650000 0.0 
6.750000 0.0 
6.850000 0.0 
6.950000 0.0 
7.050000 0.0 
7.150000 0.0 
7.250000 0.0 
7.350000 0.0 
7.450000 0.0 
7.550000 0.0 
7.650000 0.0 
7.750000 0.0 
7.850000 0.0 
7.950000 0.0