1.550000 0.0021056504920125008 
1.650000 0.002984708407893777 
1.750000 0.003454902209341526 
1.850000 0.0039659827016294 
1.950000 0.00476326746866107 
2.050000 0.005969416815787554 
2.150000 0.005519666243344545 
2.250000 0.006255622021853924 
2.350000 0.005887643899768591 
2.450000 0.006255622021853924 
2.550000 0.006092076189815998 
2.650000 0.004783710930496454 
2.750000 0.004293073900043964 
2.850000 0.0033935727551579475 
2.950000 0.0025962875224649906 
3.050000 0.0012674789177253842 
3.150000 0.0006746259168721735 
3.250000 0.0004906370304524899 
3.350000 0.00028620491502806544 
3.450000 4.088641799171455e-05 
3.550000 6.132962880656123e-05 
3.650000 4.088641799171455e-05 
3.750000 0.0 
3.850000 0.0 
3.950000 0.0 
4.050000 0.0 
4.150000 0.0 
4.250000 0.0 
4.350000 0.0 
4.450000 0.0 
4.550000 0.0 
4.650000 0.0 
4.750000 0.0 
4.850000 0.0 
4.950000 0.0 
5.050000 0.0 
5.150000 0.0 
5.250000 0.0 
5.350000 0.0 
5.450000 0.0 
5.550000 0.0 
5.650000 0.0 
5.750000 0.0 
5.850000 0.0 
5.950000 0.0 
6.050000 0.0 
6.150000 0.0 
6.250000 0.0 
6.350000 0.0 
6.450000 0.0 
6.550000 0.0 
6.650000 0.0 
6.750000 0.0 
6.850000 0.0 
6.950000 0.0 
7.050000 0.0 
7.150000 0.0 
7.250000 0.0 
7.350000 0.0 
7.450000 0.0 
7.550000 0.0 
7.650000 0.0 
7.750000 0.0 
7.850000 0.0 
7.950000 0.0