1.550000 0.0057861171662807465 
1.650000 0.007293767761439085 
1.750000 0.006071348674595356 
1.850000 0.0055212597362697124 
1.950000 0.0035857628099620342 
2.050000 0.0024448384065181017 
2.150000 0.0013242873828858137 
2.250000 0.0005297149764373899 
2.350000 0.0002852311299648136 
2.450000 0.00010186826693825424 
2.550000 4.074730532011017e-05 
2.650000 8.149461064022034e-05 
2.750000 2.0373652660055086e-05 
2.850000 0.0 
2.950000 0.0 
3.050000 2.0373652660055086e-05 
3.150000 0.0 
3.250000 0.0 
3.350000 0.0 
3.450000 0.0 
3.550000 0.0 
3.650000 0.0 
3.750000 0.0 
3.850000 0.0 
3.950000 0.0 
4.050000 0.0 
4.150000 0.0 
4.250000 0.0 
4.350000 0.0 
4.450000 0.0 
4.550000 0.0 
4.650000 0.0 
4.750000 0.0 
4.850000 0.0 
4.950000 0.0 
5.050000 0.0 
5.150000 0.0 
5.250000 0.0 
5.350000 0.0 
5.450000 0.0 
5.550000 0.0 
5.650000 0.0 
5.750000 0.0 
5.850000 0.0 
5.950000 0.0 
6.050000 0.0 
6.150000 0.0 
6.250000 0.0 
6.350000 0.0 
6.450000 0.0 
6.550000 0.0 
6.650000 0.0 
6.750000 0.0 
6.850000 0.0 
6.950000 0.0 
7.050000 0.0 
7.150000 0.0 
7.250000 0.0 
7.350000 0.0 
7.450000 0.0 
7.550000 0.0 
7.650000 0.0 
7.750000 0.0 
7.850000 0.0 
7.950000 0.0