1.550000 0.009015086106956005 
1.650000 0.004967496730387211 
1.750000 0.0029232592787593603 
1.850000 0.0010630034375935793 
1.950000 0.0003475203411653638 
2.050000 0.00024530847440473735 
2.150000 0.00012265423720236868 
2.250000 8.176948904292658e-05 
2.350000 4.088474452146329e-05 
2.450000 6.132711860118434e-05 
2.550000 4.088474452146329e-05 
2.650000 0.0 
2.750000 0.0 
2.850000 0.0 
2.950000 0.0 
3.050000 0.0 
3.150000 0.0 
3.250000 0.0 
3.350000 0.0 
3.450000 0.0 
3.550000 0.0 
3.650000 0.0 
3.750000 0.0 
3.850000 0.0 
3.950000 0.0 
4.050000 0.0 
4.150000 0.0 
4.250000 0.0 
4.350000 0.0 
4.450000 0.0 
4.550000 0.0 
4.650000 0.0 
4.750000 0.0 
4.850000 0.0 
4.950000 0.0 
5.050000 0.0 
5.150000 0.0 
5.250000 0.0 
5.350000 0.0 
5.450000 0.0 
5.550000 0.0 
5.650000 0.0 
5.750000 0.0 
5.850000 0.0 
5.950000 0.0 
6.050000 0.0 
6.150000 0.0 
6.250000 0.0 
6.350000 0.0 
6.450000 0.0 
6.550000 0.0 
6.650000 0.0 
6.750000 0.0 
6.850000 0.0 
6.950000 0.0 
7.050000 0.0 
7.150000 0.0 
7.250000 0.0 
7.350000 0.0 
7.450000 0.0 
7.550000 0.0 
7.650000 0.0 
7.750000 0.0 
7.850000 0.0 
7.950000 0.0