1.550000 0.003580364864319563 
1.650000 0.004292369354516268 
1.750000 0.004739915020763874 
1.850000 0.004882315639406443 
1.950000 0.0050857458263635635 
2.050000 0.006448725704103708 
2.150000 0.006875928025692701 
2.250000 0.006652155425399542 
2.350000 0.007221758831292391 
2.450000 0.008320280350744724 
2.550000 0.00799479242414236 
2.650000 0.007079357746988535 
2.750000 0.007323473691940308 
2.850000 0.005919808056205511 
2.950000 0.00541123328730464 
3.050000 0.003987224772572517 
3.150000 0.0032141911797225475 
3.250000 0.0021970421075820923 
3.350000 0.001179893035441637 
3.450000 0.0003254877228755504 
3.550000 0.00022377280401997268 
3.650000 0.0001220578997163102 
3.750000 6.10289498581551e-05 
3.850000 2.03429826797219e-05 
3.950000 2.03429826797219e-05 
4.050000 0.0 
4.150000 0.0 
4.250000 0.0 
4.350000 0.0 
4.450000 0.0 
4.550000 0.0 
4.650000 0.0 
4.750000 0.0 
4.850000 0.0 
4.950000 0.0 
5.050000 0.0 
5.150000 0.0 
5.250000 0.0 
5.350000 0.0 
5.450000 0.0 
5.550000 0.0 
5.650000 0.0 
5.750000 0.0 
5.850000 0.0 
5.950000 0.0 
6.050000 0.0 
6.150000 0.0 
6.250000 0.0 
6.350000 0.0 
6.450000 0.0 
6.550000 0.0 
6.650000 0.0 
6.750000 0.0 
6.850000 0.0 
6.950000 0.0 
7.050000 0.0 
7.150000 0.0 
7.250000 0.0 
7.350000 0.0 
7.450000 0.0 
7.550000 0.0 
7.650000 0.0 
7.750000 0.0 
7.850000 0.0 
7.950000 0.0