1.550000 0.0009181424975395203 
1.650000 0.0010813678381964564 
1.750000 0.0012445931788533926 
1.850000 0.001203786814585328 
1.950000 0.002162735676392913 
2.050000 0.002081122947856784 
2.150000 0.0022035420406609774 
2.250000 0.002305557718500495 
2.350000 0.0029584590811282396 
2.450000 0.002856443403288722 
2.550000 0.0032645065803080797 
2.650000 0.0036113604437559843 
2.750000 0.003733779536560178 
2.850000 0.004284664988517761 
2.950000 0.004243858624249697 
3.050000 0.005304823163896799 
3.150000 0.005182404536753893 
3.250000 0.005019179079681635 
3.350000 0.005753693170845509 
3.450000 0.006100547034293413 
3.550000 0.005325226578861475 
3.650000 0.004998775664716959 
3.750000 0.005855708848685026 
3.850000 0.005549661349505186 
3.950000 0.004937566351145506 
4.050000 0.004101036582142115 
4.150000 0.004080633167177439 
4.250000 0.0032645065803080797 
4.350000 0.0026320083998143673 
4.450000 0.0016118501080200076 
4.550000 0.001285399543121457 
4.650000 0.0007753203390166163 
4.750000 0.0005508855101652443 
4.850000 0.00024483801098540425 
4.950000 0.00018362849368713796 
5.050000 2.0403165763127618e-05 
5.150000 8.161266305251047e-05 
5.250000 0.0 
5.350000 4.0806331526255235e-05 
5.450000 0.0 
5.550000 4.0806331526255235e-05 
5.650000 0.0 
5.750000 0.0 
5.850000 0.0 
5.950000 0.0 
6.050000 0.0 
6.150000 0.0 
6.250000 0.0 
6.350000 0.0 
6.450000 0.0 
6.550000 0.0 
6.650000 0.0 
6.750000 0.0 
6.850000 0.0 
6.950000 0.0 
7.050000 0.0 
7.150000 0.0 
7.250000 0.0 
7.350000 0.0 
7.450000 0.0 
7.550000 0.0 
7.650000 0.0 
7.750000 0.0 
7.850000 0.0 
7.950000 0.0