1.550000 0.0014661861350759864 
1.650000 0.0020160058047622442 
1.750000 0.0018938237335532904 
1.850000 0.0031767364125698805 
1.950000 0.0030341907404363155 
2.050000 0.003298918716609478 
2.150000 0.0038691021036356688 
2.250000 0.0047447411343455315 
2.350000 0.005070560146123171 
2.450000 0.0063942004926502705 
2.550000 0.006109108682721853 
2.650000 0.00621092738583684 
2.750000 0.005559288896620274 
2.850000 0.0056814709678292274 
2.950000 0.0045003765262663364 
3.050000 0.0044392854906618595 
3.150000 0.0035229192581027746 
3.250000 0.002973099472001195 
3.350000 0.001710550393909216 
3.450000 0.0010589121375232935 
3.550000 0.0007941841031424701 
3.650000 0.00030545543995685875 
3.750000 0.0002850917517207563 
3.850000 4.072739102412015e-05 
3.950000 4.072739102412015e-05 
4.050000 4.072739102412015e-05 
4.150000 0.0 
4.250000 2.0363695512060076e-05 
4.350000 0.0 
4.450000 2.0363695512060076e-05 
4.550000 0.0 
4.650000 0.0 
4.750000 0.0 
4.850000 0.0 
4.950000 0.0 
5.050000 0.0 
5.150000 0.0 
5.250000 0.0 
5.350000 0.0 
5.450000 0.0 
5.550000 0.0 
5.650000 0.0 
5.750000 0.0 
5.850000 0.0 
5.950000 0.0 
6.050000 0.0 
6.150000 0.0 
6.250000 0.0 
6.350000 0.0 
6.450000 0.0 
6.550000 0.0 
6.650000 0.0 
6.750000 0.0 
6.850000 0.0 
6.950000 0.0 
7.050000 0.0 
7.150000 0.0 
7.250000 0.0 
7.350000 0.0 
7.450000 0.0 
7.550000 0.0 
7.650000 0.0 
7.750000 0.0 
7.850000 0.0 
7.950000 0.0