1.550000 0.0005304823280312121 
1.650000 0.0006324981804937124 
1.750000 0.0008773361914791167 
1.850000 0.0008569330093450844 
1.950000 0.0010609646560624242 
2.050000 0.0010813678381964564 
2.150000 0.0013058026088401675 
2.250000 0.0018566881772130728 
2.350000 0.0019178976071998477 
2.450000 0.0019791072700172663 
2.550000 0.0022035420406609774 
2.650000 0.002917652716860175 
2.750000 0.0033461193088442087 
2.850000 0.0036317636258900166 
2.950000 0.003672569990158081 
3.050000 0.003652166808024049 
3.150000 0.004141842946410179 
3.250000 0.0050395820289850235 
3.350000 0.004141842946410179 
3.450000 0.004815147258341312 
3.550000 0.005264016799628735 
3.650000 0.004753937944769859 
3.750000 0.0053660329431295395 
3.850000 0.004101036582142115 
3.950000 0.004223455674946308 
4.050000 0.0036317636258900166 
4.150000 0.0032032972667366266 
4.250000 0.002754427492618561 
4.350000 0.0018566881772130728 
4.450000 0.0013670121552422643 
4.550000 0.001040561473928392 
4.650000 0.0006324981804937124 
4.750000 0.0003264506522100419 
4.850000 0.00020403166126925498 
4.950000 4.0806331526255235e-05 
5.050000 6.120950274635106e-05 
5.150000 8.161266305251047e-05 
5.250000 0.0 
5.350000 2.0403165763127618e-05 
5.450000 2.0403165763127618e-05 
5.550000 0.0 
5.650000 0.0 
5.750000 0.0 
5.850000 0.0 
5.950000 0.0 
6.050000 0.0 
6.150000 0.0 
6.250000 0.0 
6.350000 0.0 
6.450000 0.0 
6.550000 0.0 
6.650000 0.0 
6.750000 0.0 
6.850000 0.0 
6.950000 0.0 
7.050000 0.0 
7.150000 0.0 
7.250000 0.0 
7.350000 0.0 
7.450000 0.0 
7.550000 0.0 
7.650000 0.0 
7.750000 0.0 
7.850000 0.0 
7.950000 0.0