1.550000 0.00119852926582098 
1.650000 0.0014219838194549084 
1.750000 0.001767322770319879 
1.850000 0.0025392568204551935 
1.950000 0.0024376865476369858 
2.050000 0.0027627116069197655 
2.150000 0.002579885069280863 
2.250000 0.0033315049950033426 
2.350000 0.0032502489630132914 
2.450000 0.004448777996003628 
2.550000 0.004733175039291382 
2.650000 0.00479411706328392 
2.750000 0.005586365237832069 
2.850000 0.005484794732183218 
2.950000 0.005383224692195654 
3.050000 0.00645986944437027 
3.150000 0.005728563759475946 
3.250000 0.0056879352778196335 
3.350000 0.0062364148907363415 
3.450000 0.00495662959292531 
3.550000 0.005484794732183218 
3.650000 0.0050988276489079 
3.750000 0.004448777996003628 
3.850000 0.0039002986159175634 
3.950000 0.0033924472518265247 
4.050000 0.0023564305156469345 
4.150000 0.0020517196971923113 
4.250000 0.0008735043811611831 
4.350000 0.0006094216369092464 
4.450000 0.0003859670541714877 
4.550000 0.00014219839067663997 
4.650000 4.062811058247462e-05 
4.750000 6.094216587371193e-05 
4.850000 8.125622116494924e-05 
4.950000 4.062811058247462e-05 
5.050000 2.031405529123731e-05 
5.150000 2.031405529123731e-05 
5.250000 0.0 
5.350000 0.0 
5.450000 0.0 
5.550000 0.0 
5.650000 0.0 
5.750000 0.0 
5.850000 0.0 
5.950000 0.0 
6.050000 0.0 
6.150000 0.0 
6.250000 2.031405529123731e-05 
6.350000 0.0 
6.450000 0.0 
6.550000 0.0 
6.650000 0.0 
6.750000 0.0 
6.850000 0.0 
6.950000 0.0 
7.050000 0.0 
7.150000 0.0 
7.250000 0.0 
7.350000 0.0 
7.450000 0.0 
7.550000 0.0 
7.650000 0.0 
7.750000 0.0 
7.850000 0.0 
7.950000 0.0