1.550000 0.004232804290950298 
1.650000 0.004741554614156485 
1.750000 0.006817257031798363 
1.850000 0.006125356070697308 
1.950000 0.0065527064725756645 
2.050000 0.006654456723481417 
2.150000 0.0055962554179131985 
2.250000 0.005006105173379183 
2.350000 0.0031746032182127237 
2.450000 0.0019943020306527615 
2.550000 0.001078551053069532 
2.650000 0.0005698005552403629 
2.750000 0.0003459503350313753 
2.850000 0.00016280016279779375 
2.950000 0.00012210012937430292 
3.050000 2.0350020349724218e-05 
3.150000 2.0350020349724218e-05 
3.250000 0.0 
3.350000 6.105006468715146e-05 
3.450000 0.0 
3.550000 0.0 
3.650000 0.0 
3.750000 0.0 
3.850000 0.0 
3.950000 0.0 
4.050000 0.0 
4.150000 0.0 
4.250000 0.0 
4.350000 0.0 
4.450000 0.0 
4.550000 0.0 
4.650000 0.0 
4.750000 0.0 
4.850000 0.0 
4.950000 0.0 
5.050000 0.0 
5.150000 0.0 
5.250000 0.0 
5.350000 0.0 
5.450000 0.0 
5.550000 0.0 
5.650000 0.0 
5.750000 0.0 
5.850000 0.0 
5.950000 0.0 
6.050000 0.0 
6.150000 0.0 
6.250000 0.0 
6.350000 0.0 
6.450000 0.0 
6.550000 0.0 
6.650000 0.0 
6.750000 0.0 
6.850000 0.0 
6.950000 0.0 
7.050000 0.0 
7.150000 0.0 
7.250000 0.0 
7.350000 0.0 
7.450000 0.0 
7.550000 0.0 
7.650000 0.0 
7.750000 0.0 
7.850000 0.0 
7.950000 0.0