1.550000 0.0016057237517088652 
1.650000 0.0018089798977598548 
1.750000 0.002093538409098983 
1.850000 0.0020122360438108444 
1.950000 0.0030285168904811144 
2.050000 0.0025610276497900486 
2.150000 0.0037195878103375435 
2.250000 0.0039025184232741594 
2.350000 0.004187076818197966 
2.450000 0.004309030715376139 
2.550000 0.004695217590779066 
2.650000 0.005467590875923634 
2.750000 0.005406613927334547 
2.850000 0.005406613927334547 
2.950000 0.006300941109657288 
3.050000 0.00609768508002162 
3.150000 0.005589544307440519 
3.250000 0.0054269395768642426 
3.350000 0.00619931286200881 
3.450000 0.005711498204618692 
3.550000 0.005284660030156374 
3.650000 0.004044797737151384 
3.750000 0.0031301449052989483 
3.850000 0.002500050701200962 
3.950000 0.00203256169334054 
4.050000 0.0008130246424116194 
4.150000 0.0008333502919413149 
4.250000 0.00032520986860617995 
4.350000 0.00014227931387722492 
4.450000 8.130246715154499e-05 
4.550000 0.00010162808030145243 
4.650000 0.0 
4.750000 2.0325616787886247e-05 
4.850000 0.0 
4.950000 2.0325616787886247e-05 
5.050000 0.0 
5.150000 0.0 
5.250000 0.0 
5.350000 0.0 
5.450000 0.0 
5.550000 2.0325616787886247e-05 
5.650000 0.0 
5.750000 0.0 
5.850000 0.0 
5.950000 0.0 
6.050000 0.0 
6.150000 0.0 
6.250000 0.0 
6.350000 0.0 
6.450000 0.0 
6.550000 0.0 
6.650000 0.0 
6.750000 0.0 
6.850000 0.0 
6.950000 0.0 
7.050000 0.0 
7.150000 0.0 
7.250000 0.0 
7.350000 0.0 
7.450000 0.0 
7.550000 0.0 
7.650000 0.0 
7.750000 0.0 
7.850000 0.0 
7.950000 0.0