1.550000 0.0034957886673510075 
1.650000 0.00476326746866107 
1.750000 0.005233461502939463 
1.850000 0.00574454152956605 
1.950000 0.006828031502664089 
2.050000 0.006705372594296932 
2.150000 0.007400441449135542 
2.250000 0.008381715975701809 
2.350000 0.008443045429885387 
2.450000 0.008504374884068966 
2.550000 0.0072368960827589035 
2.650000 0.007155123166739941 
2.750000 0.005356120876967907 
2.850000 0.00476326746866107 
2.950000 0.0034753454383462667 
3.050000 0.0018807752057909966 
3.150000 0.0008586147450841963 
3.250000 0.0006337394588626921 
3.350000 0.00018398887186776847 
3.450000 0.0001635456719668582 
3.550000 8.17728359834291e-05 
3.650000 6.132962880656123e-05 
3.750000 0.0 
3.850000 4.088641799171455e-05 
3.950000 0.0 
4.050000 2.0443208995857276e-05 
4.150000 0.0 
4.250000 0.0 
4.350000 0.0 
4.450000 0.0 
4.550000 0.0 
4.650000 0.0 
4.750000 0.0 
4.850000 0.0 
4.950000 0.0 
5.050000 2.0443208995857276e-05 
5.150000 0.0 
5.250000 0.0 
5.350000 0.0 
5.450000 0.0 
5.550000 0.0 
5.650000 0.0 
5.750000 0.0 
5.850000 0.0 
5.950000 0.0 
6.050000 0.0 
6.150000 0.0 
6.250000 0.0 
6.350000 0.0 
6.450000 0.0 
6.550000 0.0 
6.650000 0.0 
6.750000 0.0 
6.850000 0.0 
6.950000 0.0 
7.050000 0.0 
7.150000 0.0 
7.250000 0.0 
7.350000 0.0 
7.450000 0.0 
7.550000 0.0 
7.650000 0.0 
7.750000 0.0 
7.850000 0.0 
7.950000 0.0