1.550000 0.0062582544051110744 
1.650000 0.007335162255913019 
1.750000 0.007741542067378759 
1.850000 0.008960682898759842 
1.950000 0.009224830195307732 
2.050000 0.009021639823913574 
2.150000 0.009285787120461464 
2.250000 0.009163872338831425 
2.350000 0.007335162255913019 
2.450000 0.005729960277676582 
2.550000 0.004774967208504677 
2.650000 0.0024586000945419073 
2.750000 0.001381692592985928 
2.850000 0.0009143553907051682 
2.950000 0.00032510413439013064 
3.050000 0.00010159504017792642 
3.150000 2.0319008399383165e-05 
3.250000 2.0319008399383165e-05 
3.350000 6.09570270171389e-05 
3.450000 0.0 
3.550000 2.0319008399383165e-05 
3.650000 4.063801679876633e-05 
3.750000 0.0 
3.850000 0.0 
3.950000 0.0 
4.050000 0.0 
4.150000 2.0319008399383165e-05 
4.250000 0.0 
4.350000 0.0 
4.450000 0.0 
4.550000 2.0319008399383165e-05 
4.650000 0.0 
4.750000 0.0 
4.850000 0.0 
4.950000 0.0 
5.050000 0.0 
5.150000 0.0 
5.250000 0.0 
5.350000 0.0 
5.450000 0.0 
5.550000 0.0 
5.650000 0.0 
5.750000 0.0 
5.850000 0.0 
5.950000 0.0 
6.050000 0.0 
6.150000 0.0 
6.250000 0.0 
6.350000 0.0 
6.450000 0.0 
6.550000 0.0 
6.650000 0.0 
6.750000 0.0 
6.850000 0.0 
6.950000 0.0 
7.050000 0.0 
7.150000 0.0 
7.250000 0.0 
7.350000 0.0 
7.450000 0.0 
7.550000 0.0 
7.650000 0.0 
7.750000 0.0 
7.850000 0.0 
7.950000 0.0