1.550000 0.009235578589141369 
1.650000 0.010494052432477474 
1.750000 0.010920310392975807 
1.850000 0.010189583525061607 
1.950000 0.009682133793830872 
2.050000 0.008342467248439789 
2.150000 0.005561645142734051 
2.250000 0.0034100597258657217 
2.350000 0.0019486055243760347 
2.450000 0.0007104290998540819 
2.550000 0.0003856615221593529 
2.650000 0.00020297974697314203 
2.750000 8.119189442368224e-05 
2.850000 8.119189442368224e-05 
2.950000 0.0 
3.050000 2.029797360592056e-05 
3.150000 2.029797360592056e-05 
3.250000 2.029797360592056e-05 
3.350000 2.029797360592056e-05 
3.450000 0.0 
3.550000 2.029797360592056e-05 
3.650000 0.0 
3.750000 0.0 
3.850000 0.0 
3.950000 0.0 
4.050000 0.0 
4.150000 2.029797360592056e-05 
4.250000 0.0 
4.350000 0.0 
4.450000 0.0 
4.550000 2.029797360592056e-05 
4.650000 0.0 
4.750000 0.0 
4.850000 0.0 
4.950000 0.0 
5.050000 0.0 
5.150000 0.0 
5.250000 0.0 
5.350000 0.0 
5.450000 0.0 
5.550000 0.0 
5.650000 0.0 
5.750000 0.0 
5.850000 0.0 
5.950000 0.0 
6.050000 0.0 
6.150000 0.0 
6.250000 0.0 
6.350000 0.0 
6.450000 0.0 
6.550000 0.0 
6.650000 0.0 
6.750000 0.0 
6.850000 0.0 
6.950000 0.0 
7.050000 0.0 
7.150000 0.0 
7.250000 0.0 
7.350000 0.0 
7.450000 0.0 
7.550000 0.0 
7.650000 0.0 
7.750000 0.0 
7.850000 0.0 
7.950000 0.0