1.550000 0.0029934633057564497 
1.650000 0.003339646151289344 
1.750000 0.0034007371868938208 
1.850000 0.004357831086963415 
1.950000 0.004418922122567892 
2.050000 0.005172378849238157 
2.150000 0.0051520150154829025 
2.250000 0.006109108682721853 
2.350000 0.006536746397614479 
2.450000 0.0075142038986086845 
2.550000 0.007412385195493698 
2.650000 0.006984747480601072 
2.750000 0.0068625654093921185 
2.850000 0.006964384112507105 
2.950000 0.007249475456774235 
3.050000 0.0060887448489665985 
3.150000 0.004704013466835022 
3.250000 0.003645101562142372 
3.350000 0.00283055379986763 
3.450000 0.0015476408880203962 
3.550000 0.0009367300081066787 
3.650000 0.0004887286922894418 
3.750000 0.0002443643461447209 
3.850000 0.0001629095640964806 
3.950000 4.072739102412015e-05 
4.050000 0.0 
4.150000 6.109108653618023e-05 
4.250000 4.072739102412015e-05 
4.350000 0.0 
4.450000 0.0 
4.550000 0.0 
4.650000 0.0 
4.750000 0.0 
4.850000 0.0 
4.950000 0.0 
5.050000 0.0 
5.150000 0.0 
5.250000 2.0363695512060076e-05 
5.350000 0.0 
5.450000 0.0 
5.550000 0.0 
5.650000 0.0 
5.750000 0.0 
5.850000 0.0 
5.950000 0.0 
6.050000 0.0 
6.150000 0.0 
6.250000 0.0 
6.350000 0.0 
6.450000 0.0 
6.550000 0.0 
6.650000 0.0 
6.750000 0.0 
6.850000 0.0 
6.950000 0.0 
7.050000 0.0 
7.150000 0.0 
7.250000 0.0 
7.350000 0.0 
7.450000 0.0 
7.550000 0.0 
7.650000 0.0 
7.750000 0.0 
7.850000 0.0 
7.950000 0.0