1.550000 0.002804023213684559 
1.650000 0.004307630006223917 
1.750000 0.004957837983965874 
1.850000 0.005994107574224472 
1.950000 0.005567408166825771 
2.050000 0.006827186793088913 
2.150000 0.006827186793088913 
2.250000 0.006034745369106531 
2.350000 0.005303261335939169 
2.450000 0.004429543856531382 
2.550000 0.0026821091305464506 
2.650000 0.0018896678229793906 
2.750000 0.0010972263989970088 
2.850000 0.0003657421621028334 
2.950000 0.00014223305333871394 
3.050000 0.00014223305333871394 
3.150000 2.0319008399383165e-05 
3.250000 4.063801679876633e-05 
3.350000 4.063801679876633e-05 
3.450000 0.0 
3.550000 0.0 
3.650000 0.0 
3.750000 2.0319008399383165e-05 
3.850000 0.0 
3.950000 0.0 
4.050000 0.0 
4.150000 0.0 
4.250000 0.0 
4.350000 0.0 
4.450000 0.0 
4.550000 0.0 
4.650000 0.0 
4.750000 0.0 
4.850000 0.0 
4.950000 0.0 
5.050000 0.0 
5.150000 0.0 
5.250000 0.0 
5.350000 0.0 
5.450000 0.0 
5.550000 0.0 
5.650000 0.0 
5.750000 0.0 
5.850000 0.0 
5.950000 0.0 
6.050000 0.0 
6.150000 0.0 
6.250000 0.0 
6.350000 0.0 
6.450000 0.0 
6.550000 0.0 
6.650000 0.0 
6.750000 0.0 
6.850000 0.0 
6.950000 0.0 
7.050000 0.0 
7.150000 0.0 
7.250000 0.0 
7.350000 0.0 
7.450000 0.0 
7.550000 0.0 
7.650000 0.0 
7.750000 0.0 
7.850000 0.0 
7.950000 0.0