1.550000 0.0005310457781888545 
1.650000 0.0004901961074210703 
1.750000 0.0005718954489566386 
1.850000 0.000714869296643883 
1.950000 0.0009395424858666956 
2.050000 0.0013071895809844136 
2.150000 0.0011846405686810613 
2.250000 0.0015114379348233342 
2.350000 0.0017156862886622548 
2.450000 0.0020220589358359575 
2.550000 0.00224673212505877 
2.650000 0.0021037582773715258 
2.750000 0.0027165033388882875 
2.850000 0.0030024510342627764 
2.950000 0.003288398729637265 
3.050000 0.0034313725773245096 
3.150000 0.003982843365520239 
3.250000 0.0037377451080828905 
3.350000 0.004452614579349756 
3.450000 0.0042075165547430515 
3.550000 0.004718137439340353 
3.650000 0.004227941390126944 
3.750000 0.004616013262420893 
3.850000 0.004697712603956461 
3.950000 0.004432189743965864 
4.050000 0.003921568859368563 
4.150000 0.00353349675424397 
4.250000 0.0034313725773245096 
4.350000 0.00283905235119164 
4.450000 0.0022671569604426622 
4.550000 0.0014910130994394422 
4.650000 0.0012254902394488454 
4.750000 0.0007761438027955592 
4.850000 0.0004901961074210703 
4.950000 0.00040849673678167164 
5.050000 0.00024509805371053517 
5.150000 8.169934881152585e-05 
5.250000 6.127451342763379e-05 
5.350000 4.0849674405762926e-05 
5.450000 2.0424837202881463e-05 
5.550000 2.0424837202881463e-05 
5.650000 2.0424837202881463e-05 
5.750000 0.0 
5.850000 0.0 
5.950000 0.0 
6.050000 0.0 
6.150000 0.0 
6.250000 0.0 
6.350000 0.0 
6.450000 0.0 
6.550000 0.0 
6.650000 0.0 
6.750000 0.0 
6.850000 0.0 
6.950000 0.0 
7.050000 0.0 
7.150000 0.0 
7.250000 0.0 
7.350000 0.0 
7.450000 0.0 
7.550000 0.0 
7.650000 0.0 
7.750000 0.0 
7.850000 0.0 
7.950000 0.0