1.550000 0.0058080293238162994 
1.650000 0.0052985530346632 
1.750000 0.004422253929078579 
1.850000 0.0030772367026656866 
1.950000 0.0013246382586658 
2.050000 0.0005298553151078522 
2.150000 0.00018341145187150687 
2.250000 0.00014265335630625486 
2.350000 8.151619840646163e-05 
2.450000 4.075809920323081e-05 
2.550000 0.0 
2.650000 4.075809920323081e-05 
2.750000 0.0 
2.850000 0.0 
2.950000 0.0 
3.050000 0.0 
3.150000 0.0 
3.250000 0.0 
3.350000 0.0 
3.450000 0.0 
3.550000 0.0 
3.650000 0.0 
3.750000 0.0 
3.850000 0.0 
3.950000 0.0 
4.050000 0.0 
4.150000 0.0 
4.250000 2.0379049601615407e-05 
4.350000 0.0 
4.450000 0.0 
4.550000 0.0 
4.650000 0.0 
4.750000 0.0 
4.850000 0.0 
4.950000 0.0 
5.050000 0.0 
5.150000 0.0 
5.250000 0.0 
5.350000 0.0 
5.450000 0.0 
5.550000 0.0 
5.650000 0.0 
5.750000 0.0 
5.850000 0.0 
5.950000 0.0 
6.050000 0.0 
6.150000 0.0 
6.250000 0.0 
6.350000 0.0 
6.450000 0.0 
6.550000 0.0 
6.650000 0.0 
6.750000 0.0 
6.850000 0.0 
6.950000 0.0 
7.050000 0.0 
7.150000 0.0 
7.250000 0.0 
7.350000 0.0 
7.450000 0.0 
7.550000 0.0 
7.650000 0.0 
7.750000 0.0 
7.850000 0.0 
7.950000 0.0