1.550000 0.0008578431443311274 
1.650000 0.001082516391761601 
1.750000 0.0012254902394488454 
1.850000 0.0015114379348233342 
1.950000 0.001429738593287766 
2.050000 0.00147058826405555 
2.150000 0.0024509804788976908 
2.250000 0.0019607844296842813 
2.350000 0.0020016341004520655 
2.450000 0.0026756536681205034 
2.550000 0.003227124223485589 
2.650000 0.0031045752111822367 
2.750000 0.0037173202726989985 
2.850000 0.003982843365520239 
2.950000 0.003860294120386243 
3.050000 0.00428921589627862 
3.150000 0.004677287768572569 
3.250000 0.004922385793179274 
3.350000 0.005759804043918848 
3.450000 0.004677287768572569 
3.550000 0.005392157007008791 
3.650000 0.004942810628563166 
3.750000 0.005698529537767172 
3.850000 0.005310457665473223 
3.950000 0.004942810628563166 
4.050000 0.00439134007319808 
4.150000 0.004656862933188677 
4.250000 0.00353349675424397 
4.350000 0.0033905229065567255 
4.450000 0.003247549058869481 
4.550000 0.0019403594778850675 
4.650000 0.001429738593287766 
4.750000 0.0013888889225199819 
4.850000 0.0007965686381794512 
4.950000 0.00044934640754945576 
5.050000 0.00044934640754945576 
5.150000 0.00010212418419541791 
5.250000 0.00018382353300694376 
5.350000 4.0849674405762926e-05 
5.450000 4.0849674405762926e-05 
5.550000 2.0424837202881463e-05 
5.650000 0.0 
5.750000 0.0 
5.850000 0.0 
5.950000 0.0 
6.050000 0.0 
6.150000 0.0 
6.250000 0.0 
6.350000 0.0 
6.450000 0.0 
6.550000 0.0 
6.650000 0.0 
6.750000 0.0 
6.850000 0.0 
6.950000 0.0 
7.050000 0.0 
7.150000 0.0 
7.250000 0.0 
7.350000 0.0 
7.450000 0.0 
7.550000 0.0 
7.650000 0.0 
7.750000 0.0 
7.850000 0.0 
7.950000 0.0