1.550000 0.002578313695266843 
1.650000 0.002598615363240242 
1.750000 0.0028422356117516756 
1.850000 0.003471587784588337 
1.950000 0.00397912971675396 
2.050000 0.004100940190255642 
2.150000 0.004994214046746492 
2.250000 0.005319040734320879 
2.350000 0.005867186468094587 
2.450000 0.006192013155668974 
2.550000 0.006171711720526218 
2.650000 0.006334125064313412 
2.750000 0.007105588912963867 
2.850000 0.006009298376739025 
2.950000 0.007227398920804262 
3.050000 0.006618348881602287 
3.150000 0.006232616491615772 
3.250000 0.005014515481889248 
3.350000 0.004182146862149239 
3.450000 0.003288872539997101 
3.550000 0.0023549951147288084 
3.650000 0.001299307681620121 
3.750000 0.0009338774252682924 
3.850000 0.00034512861748225987 
3.950000 0.0002436201903037727 
4.050000 0.00010150841262657195 
4.150000 2.030168252531439e-05 
4.250000 4.060336505062878e-05 
4.350000 2.030168252531439e-05 
4.450000 2.030168252531439e-05 
4.550000 0.0 
4.650000 2.030168252531439e-05 
4.750000 0.0 
4.850000 0.0 
4.950000 0.0 
5.050000 0.0 
5.150000 0.0 
5.250000 0.0 
5.350000 0.0 
5.450000 0.0 
5.550000 0.0 
5.650000 0.0 
5.750000 0.0 
5.850000 0.0 
5.950000 0.0 
6.050000 0.0 
6.150000 0.0 
6.250000 0.0 
6.350000 0.0 
6.450000 0.0 
6.550000 0.0 
6.650000 0.0 
6.750000 0.0 
6.850000 0.0 
6.950000 0.0 
7.050000 0.0 
7.150000 0.0 
7.250000 0.0 
7.350000 0.0 
7.450000 0.0 
7.550000 0.0 
7.650000 0.0 
7.750000 0.0 
7.850000 0.0 
7.950000 0.0