1.550000 0.007610907778143883 
1.650000 0.009401709772646427 
1.750000 0.009910459630191326 
1.850000 0.009584859944880009 
1.950000 0.010256410576403141 
2.050000 0.009544159285724163 
2.150000 0.007855108007788658 
2.250000 0.00702075706794858 
2.350000 0.004273504484444857 
2.450000 0.003032153006643057 
2.550000 0.0018722019158303738 
2.650000 0.0008140008430927992 
2.750000 0.00046805047895759344 
2.850000 0.00014245013881009072 
2.950000 2.0350020349724218e-05 
3.050000 4.0700040699448436e-05 
3.150000 0.0001017501053865999 
3.250000 0.0 
3.350000 0.0 
3.450000 0.0 
3.550000 0.0 
3.650000 0.0 
3.750000 0.0 
3.850000 0.0 
3.950000 0.0 
4.050000 0.0 
4.150000 0.0 
4.250000 0.0 
4.350000 0.0 
4.450000 0.0 
4.550000 0.0 
4.650000 0.0 
4.750000 0.0 
4.850000 0.0 
4.950000 0.0 
5.050000 0.0 
5.150000 0.0 
5.250000 0.0 
5.350000 0.0 
5.450000 0.0 
5.550000 0.0 
5.650000 0.0 
5.750000 0.0 
5.850000 0.0 
5.950000 0.0 
6.050000 0.0 
6.150000 0.0 
6.250000 0.0 
6.350000 0.0 
6.450000 0.0 
6.550000 0.0 
6.650000 0.0 
6.750000 0.0 
6.850000 0.0 
6.950000 0.0 
7.050000 0.0 
7.150000 0.0 
7.250000 0.0 
7.350000 0.0 
7.450000 0.0 
7.550000 0.0 
7.650000 0.0 
7.750000 0.0 
7.850000 0.0 
7.950000 0.0