1.550000 0.0031863292679190636 
1.650000 0.001055344706401229 
1.750000 0.0002638361766003072 
1.850000 0.00014206563355401158 
1.950000 0.00012177054304629564 
2.050000 0.0001014754525385797 
2.150000 4.059018101543188e-05 
2.250000 6.088527152314782e-05 
2.350000 4.059018101543188e-05 
2.450000 4.059018101543188e-05 
2.550000 2.029509050771594e-05 
2.650000 4.059018101543188e-05 
2.750000 2.029509050771594e-05 
2.850000 0.0 
2.950000 2.029509050771594e-05 
3.050000 0.0 
3.150000 4.059018101543188e-05 
3.250000 0.0 
3.350000 2.029509050771594e-05 
3.450000 0.0 
3.550000 0.0 
3.650000 0.0 
3.750000 2.029509050771594e-05 
3.850000 0.0 
3.950000 0.0 
4.050000 0.0 
4.150000 0.0 
4.250000 0.0 
4.350000 0.0 
4.450000 0.0 
4.550000 0.0 
4.650000 0.0 
4.750000 0.0 
4.850000 0.0 
4.950000 0.0 
5.050000 0.0 
5.150000 0.0 
5.250000 0.0 
5.350000 0.0 
5.450000 0.0 
5.550000 0.0 
5.650000 0.0 
5.750000 0.0 
5.850000 0.0 
5.950000 0.0 
6.050000 0.0 
6.150000 0.0 
6.250000 0.0 
6.350000 0.0 
6.450000 0.0 
6.550000 0.0 
6.650000 0.0 
6.750000 0.0 
6.850000 0.0 
6.950000 0.0 
7.050000 0.0 
7.150000 0.0 
7.250000 0.0 
7.350000 0.0 
7.450000 0.0 
7.550000 0.0 
7.650000 0.0 
7.750000 0.0 
7.850000 0.0 
7.950000 0.0