1.550000 0.004919873550534248 
1.650000 0.005695621017366648 
1.750000 0.006205981597304344 
1.850000 0.007859548553824425 
1.950000 0.00794120691716671 
2.050000 0.008329080417752266 
2.150000 0.008492395281791687 
2.250000 0.008676125667989254 
2.350000 0.00816576462239027 
2.450000 0.007716647814959288 
2.550000 0.006471368949860334 
2.650000 0.005471062380820513 
2.750000 0.0034908645320683718 
2.850000 0.002143513411283493 
2.950000 0.0012861080467700958 
3.050000 0.0006124323699623346 
3.150000 0.00036745943361893296 
3.250000 0.00010207206651102751 
3.350000 0.00010207206651102751 
3.450000 2.041441257460974e-05 
3.550000 0.0 
3.650000 4.082882514921948e-05 
3.750000 2.041441257460974e-05 
3.850000 2.041441257460974e-05 
3.950000 0.0 
4.050000 0.0 
4.150000 0.0 
4.250000 0.0 
4.350000 0.0 
4.450000 0.0 
4.550000 0.0 
4.650000 0.0 
4.750000 0.0 
4.850000 0.0 
4.950000 0.0 
5.050000 0.0 
5.150000 0.0 
5.250000 0.0 
5.350000 0.0 
5.450000 0.0 
5.550000 0.0 
5.650000 0.0 
5.750000 0.0 
5.850000 0.0 
5.950000 0.0 
6.050000 0.0 
6.150000 0.0 
6.250000 0.0 
6.350000 0.0 
6.450000 0.0 
6.550000 0.0 
6.650000 0.0 
6.750000 0.0 
6.850000 0.0 
6.950000 0.0 
7.050000 0.0 
7.150000 0.0 
7.250000 0.0 
7.350000 0.0 
7.450000 0.0 
7.550000 0.0 
7.650000 0.0 
7.750000 0.0 
7.850000 0.0 
7.950000 0.0