1.550000 0.0026742881163954735 
1.650000 0.003082576207816601 
1.750000 0.004348269663751125 
1.850000 0.004899458959698677 
1.950000 0.0056547923013567924 
2.050000 0.0063897110521793365 
2.150000 0.006083494983613491 
2.250000 0.005899765063077211 
2.350000 0.005818107631057501 
2.450000 0.005838522221893072 
2.550000 0.005573134403675795 
2.650000 0.00404205359518528 
2.750000 0.0025926304515451193 
2.850000 0.001878125942312181 
2.950000 0.0010207205777987838 
3.050000 0.0004491170693654567 
3.150000 0.00012248648272361606 
3.250000 6.124324136180803e-05 
3.350000 4.082882514921948e-05 
3.450000 2.041441257460974e-05 
3.550000 2.041441257460974e-05 
3.650000 0.0 
3.750000 0.0 
3.850000 2.041441257460974e-05 
3.950000 0.0 
4.050000 0.0 
4.150000 0.0 
4.250000 0.0 
4.350000 0.0 
4.450000 2.041441257460974e-05 
4.550000 0.0 
4.650000 0.0 
4.750000 0.0 
4.850000 0.0 
4.950000 0.0 
5.050000 0.0 
5.150000 0.0 
5.250000 0.0 
5.350000 0.0 
5.450000 0.0 
5.550000 0.0 
5.650000 0.0 
5.750000 0.0 
5.850000 0.0 
5.950000 0.0 
6.050000 0.0 
6.150000 0.0 
6.250000 0.0 
6.350000 0.0 
6.450000 0.0 
6.550000 0.0 
6.650000 0.0 
6.750000 0.0 
6.850000 0.0 
6.950000 0.0 
7.050000 0.0 
7.150000 0.0 
7.250000 0.0 
7.350000 0.0 
7.450000 0.0 
7.550000 0.0 
7.650000 0.0 
7.750000 0.0 
7.850000 0.0 
7.950000 0.0