1.550000 0.001748145092278719 
1.650000 0.002561235800385475 
1.750000 0.0022359995637089014 
1.850000 0.0030084357131272554 
1.950000 0.0032117085065692663 
2.050000 0.0036995629779994488 
2.150000 0.0040044719353318214 
2.250000 0.004593962803483009 
2.350000 0.004919199272990227 
2.450000 0.005508689675480127 
2.550000 0.0055493442341685295 
2.650000 0.006525053177028894 
2.750000 0.006403089966624975 
2.850000 0.006057525984942913 
2.950000 0.0069112712517380714 
3.050000 0.006321780849248171 
3.150000 0.006016871426254511 
3.250000 0.0062404717318713665 
3.350000 0.0047769080847501755 
3.450000 0.005325744394212961 
3.550000 0.0047769080847501755 
3.650000 0.0027035267557948828 
3.750000 0.0022156722843647003 
3.850000 0.001199308899231255 
3.950000 0.0009553816635161638 
4.050000 0.00036589085357263684 
4.150000 0.000121963610581588 
4.250000 6.0981805290794e-05 
4.350000 6.0981805290794e-05 
4.450000 4.065453686052933e-05 
4.550000 2.0327268430264667e-05 
4.650000 0.0 
4.750000 2.0327268430264667e-05 
4.850000 2.0327268430264667e-05 
4.950000 0.0 
5.050000 0.0 
5.150000 0.0 
5.250000 0.0 
5.350000 0.0 
5.450000 0.0 
5.550000 0.0 
5.650000 0.0 
5.750000 0.0 
5.850000 0.0 
5.950000 0.0 
6.050000 0.0 
6.150000 0.0 
6.250000 0.0 
6.350000 0.0 
6.450000 0.0 
6.550000 0.0 
6.650000 0.0 
6.750000 0.0 
6.850000 0.0 
6.950000 0.0 
7.050000 0.0 
7.150000 0.0 
7.250000 0.0 
7.350000 0.0 
7.450000 0.0 
7.550000 0.0 
7.650000 0.0 
7.750000 0.0 
7.850000 0.0 
7.950000 0.0