1.550000 0.0008721401682123542 
1.650000 0.0010546811390668154 
1.750000 0.0007301638834178448 
1.850000 0.0009329871973022819 
1.950000 0.0013183514820411801 
2.050000 0.0015008924528956413 
2.150000 0.001582021708600223 
2.250000 0.0021296446211636066 
2.350000 0.0022919033654034138 
2.450000 0.0027989614754915237 
2.550000 0.0031437610741704702 
2.650000 0.0033263021614402533 
2.750000 0.0035088430158793926 
2.850000 0.003366866847500205 
2.950000 0.00442154798656702 
3.050000 0.004563524387776852 
3.150000 0.0050908648408949375 
3.250000 0.004685218445956707 
3.350000 0.00503001781180501 
3.450000 0.0050908648408949375 
3.550000 0.004867759067565203 
3.650000 0.00492860609665513 
3.750000 0.003975336905568838 
3.850000 0.003934772219508886 
3.950000 0.0034479962196201086 
4.050000 0.002474444219842553 
4.150000 0.0022919033654034138 
4.250000 0.0017442803364247084 
4.350000 0.0011560928542166948 
4.450000 0.0007910108543001115 
4.550000 0.0003650819417089224 
4.650000 0.00024338795628864318 
4.750000 0.00022310562781058252 
4.850000 0.00010141164966626093 
4.950000 0.0 
5.050000 0.0 
5.150000 6.0846989072160795e-05 
5.250000 2.0282330297050066e-05 
5.350000 0.0 
5.450000 0.0 
5.550000 0.0 
5.650000 0.0 
5.750000 0.0 
5.850000 2.0282330297050066e-05 
5.950000 0.0 
6.050000 0.0 
6.150000 0.0 
6.250000 0.0 
6.350000 0.0 
6.450000 0.0 
6.550000 0.0 
6.650000 0.0 
6.750000 0.0 
6.850000 0.0 
6.950000 0.0 
7.050000 0.0 
7.150000 0.0 
7.250000 0.0 
7.350000 0.0 
7.450000 0.0 
7.550000 0.0 
7.650000 0.0 
7.750000 0.0 
7.850000 0.0 
7.950000 0.0