1.550000 0.012003260664641857 
1.650000 0.01143264677375555 
1.750000 0.008314652368426323 
1.850000 0.004870593082159758 
1.950000 0.0027104136534035206 
2.050000 0.0006928876973688602 
2.150000 0.00046871814993210137 
2.250000 0.00030568576767109334 
2.350000 6.113715062383562e-05 
2.450000 6.113715062383562e-05 
2.550000 2.0379049601615407e-05 
2.650000 2.0379049601615407e-05 
2.750000 6.113715062383562e-05 
2.850000 0.0 
2.950000 2.0379049601615407e-05 
3.050000 0.0 
3.150000 0.0 
3.250000 0.0 
3.350000 0.0 
3.450000 2.0379049601615407e-05 
3.550000 0.0 
3.650000 0.0 
3.750000 0.0 
3.850000 2.0379049601615407e-05 
3.950000 0.0 
4.050000 0.0 
4.150000 0.0 
4.250000 0.0 
4.350000 0.0 
4.450000 0.0 
4.550000 0.0 
4.650000 0.0 
4.750000 0.0 
4.850000 0.0 
4.950000 0.0 
5.050000 0.0 
5.150000 0.0 
5.250000 0.0 
5.350000 0.0 
5.450000 0.0 
5.550000 0.0 
5.650000 0.0 
5.750000 0.0 
5.850000 0.0 
5.950000 0.0 
6.050000 0.0 
6.150000 0.0 
6.250000 0.0 
6.350000 0.0 
6.450000 0.0 
6.550000 0.0 
6.650000 0.0 
6.750000 0.0 
6.850000 0.0 
6.950000 0.0 
7.050000 0.0 
7.150000 0.0 
7.250000 0.0 
7.350000 0.0 
7.450000 0.0 
7.550000 0.0 
7.650000 0.0 
7.750000 0.0 
7.850000 0.0 
7.950000 0.0