1.550000 0.0009146527154371142 
1.650000 0.0011179088614881039 
1.750000 0.0010772576788440347 
1.850000 0.0017886542482301593 
1.950000 0.0018293054308742285 
2.050000 0.002500050701200962 
2.150000 0.0026016789488494396 
2.250000 0.002967539941892028 
2.350000 0.0026016789488494396 
2.450000 0.003374052233994007 
2.550000 0.003963495139032602 
2.650000 0.0038618671242147684 
2.750000 0.00524400919675827 
2.850000 0.005040752701461315 
2.950000 0.005508242174983025 
3.050000 0.005467590875923634 
3.150000 0.005772475153207779 
3.250000 0.005406613927334547 
3.350000 0.005040752701461315 
3.450000 0.005061078350991011 
3.550000 0.0044309841468930244 
3.650000 0.0035366571974009275 
3.750000 0.002540702000260353 
3.850000 0.0022154920734465122 
3.950000 0.0012601881753653288 
4.050000 0.0009146527154371142 
4.150000 0.0003048842481803149 
4.250000 0.0002235817810287699 
4.350000 0.00016260493430308998 
4.450000 0.00020325616060290486 
4.550000 2.0325616787886247e-05 
4.650000 2.0325616787886247e-05 
4.750000 0.0 
4.850000 2.0325616787886247e-05 
4.950000 0.0 
5.050000 0.0 
5.150000 0.0 
5.250000 0.0 
5.350000 0.0 
5.450000 0.0 
5.550000 0.0 
5.650000 0.0 
5.750000 0.0 
5.850000 2.0325616787886247e-05 
5.950000 0.0 
6.050000 0.0 
6.150000 0.0 
6.250000 0.0 
6.350000 0.0 
6.450000 0.0 
6.550000 0.0 
6.650000 0.0 
6.750000 0.0 
6.850000 0.0 
6.950000 0.0 
7.050000 0.0 
7.150000 0.0 
7.250000 0.0 
7.350000 0.0 
7.450000 0.0 
7.550000 0.0 
7.650000 0.0 
7.750000 0.0 
7.850000 0.0 
7.950000 0.0