1.550000 0.0012980691390112042 
1.650000 0.0011966574238613248 
1.750000 0.0015617393655702472 
1.850000 0.0016631510807201266 
1.950000 0.001825409708544612 
2.050000 0.0021093622781336308 
2.150000 0.0021296446211636066 
2.250000 0.002717832336202264 
2.350000 0.003204608103260398 
2.450000 0.0033060198184102774 
2.550000 0.003894207300618291 
2.650000 0.0038333602715283632 
2.750000 0.005131429526954889 
2.850000 0.0045838067308068275 
2.950000 0.004624371416866779 
3.050000 0.005395099986344576 
3.150000 0.0055979229509830475 
3.250000 0.005821028724312782 
3.350000 0.005618205294013023 
3.450000 0.005841311067342758 
3.550000 0.005334252957254648 
3.650000 0.005577640607953072 
3.750000 0.005192276556044817 
3.850000 0.004705500788986683 
3.950000 0.004441830329596996 
4.050000 0.0035088430158793926 
4.150000 0.0028192438185214996 
4.250000 0.001825409708544612 
4.350000 0.0017848450224846601 
4.450000 0.0010749634820967913 
4.550000 0.0005679052555933595 
4.650000 0.0004259289416950196 
4.750000 0.00024338795628864318 
4.850000 8.112932118820027e-05 
4.950000 4.056466059410013e-05 
5.050000 6.0846989072160795e-05 
5.150000 6.0846989072160795e-05 
5.250000 2.0282330297050066e-05 
5.350000 4.056466059410013e-05 
5.450000 2.0282330297050066e-05 
5.550000 0.0 
5.650000 0.0 
5.750000 0.0 
5.850000 0.0 
5.950000 0.0 
6.050000 0.0 
6.150000 0.0 
6.250000 0.0 
6.350000 0.0 
6.450000 0.0 
6.550000 0.0 
6.650000 0.0 
6.750000 0.0 
6.850000 0.0 
6.950000 0.0 
7.050000 0.0 
7.150000 0.0 
7.250000 0.0 
7.350000 0.0 
7.450000 0.0 
7.550000 0.0 
7.650000 0.0 
7.750000 0.0 
7.850000 0.0 
7.950000 0.0